$ANSIBLE_VAULT;1.1;AES256
38353932636463356137656564633864363138386461636431313538363462633434306234616231
3531333834343233623234356130643735663135613531300a353134653263336632343630633564
31343330386662663230333535383938303138373761626365313535316538326638663930393766
3234356339643166650a383161646262663636646437353261373130633338333465353335623031
64386565633662336639383438663030653039306534316461396631316638623036663436396463
65356337316634303865376337643761396535633536306338373662656533346139666431303839
36653664323633323433383663356639393261306664353530666431646564376432316661643830
35373765353964383566313163346364323536316635346137323764393230643031313561323439
66613636393562323732336639663766613133323338623362306337303437383861323138613031
38303262666432343237366665623261636139313164393331306335343963633132626631653137
66386435613239383732393230373765333531663735643034353334653136646438623630346533
66383938613632313461353163646162643566323630343339633762626466363038633939626333
64366132336236653631636135643632343937386464363965393433626439366462306439306562
33653434626664363662386362376666613536613365363831373136393166633762666436343162
33343234333064363364383136373536303137613033313832383965623461346463633565653534
32336232636234356161386637376665393666353530616231326165646262613235386363613735
64336566373662373763306362316136366339356331663463633835383538303230396362376536
38613334626433366662323837643930303132356533393933386364336237393435663836373365
33303065643764633736393463383239396431653761373165306336346463393339616364396365
62393465303530343963303263613432353734363038663164396362383165613438653165666533
35643137626365636639656136333964376335363964303235613334376433376137313161316533
31613638323462623438633162373866653032323063376537313538653465663337396466313664
39303862623664653932653433313935633636643138363064613964663361663839656530653137
63303164623530626566393139616336396534616565643233633133306631303663643639356664
63666137383635366436633366656161323231366435303334346132663961393834663635383261
37613832353362343661643335343632353565313933316531363634356432373932383031633933
63633563366333316136396663376362346565653534333364353030616466333331333736363661
32623936323437656563646438613639326330343265653234376535363932326332323636353663
31366338336133663536323338303139356564623534353934383264303530353931303135366630
39303239653736666533633933343131626438373836343138643532343437383531383962376161
31623630626536393238363236626364373231653565366437376565656638396262393936626361
66393034383764393939303036326565346364393835383932353533636635633930303764346535
37373666333538383138613836366133666138393563633135303763666364626537346365323761
30353564656666373361353838373065386464616163376436653463343665376664633062393138
31393562633737656665363031623934653765383566303135653663346439663532336363343261
31326363313733313836646662633162306530643535313337613636353134623766643566633839
33343463646431653733313330343064376261303534363362343333626265663735303734666361
35313536323034366466623637623035303937353565613932396261356334666362633730353562
63643035326363613063653334393562643566376534613838383835656264346564663335643361
33343136343333653437353162303237656633356263313266633463333933383936386238653435
30363239666535623266346262363637316437353333313063373363396333353231326536643437
38626133633236666433353335653761626639306162353862326537303865653332636163663838
35343834383831393538626662663438313161323461643438393236633965646261326630333938
66363566326161333130303464303266366166306434306531356536313936633635333438356432
30393536313836613034623239653966616633636363343334633631303835336165383334666632
39363031613531366161363131633532633063653832336134326463376234383637653463373762
36666239643637386433656235303564633363393361653961343232656363636366396135636430
33363537663231663665653634643338376565363133616661653630623230356136356231363532
36373037306361613264623736623334356135343566393432343938666265623864303566316539
38623263666237346562383935323038643936383935666135326665626633366662666234396662
38396634303864323834653834366532326463346561613762313130646331633764303161333762
31633439363739663334333731373264383136613635393535353035303635633266346334616664
63636164623838623366396462303766376639613034386637396432313132313935633832363235
30346633636232323066343032353638356362643536613165356232616633333333363366333564
36326564626139633862316230313964353032343764393062376632616132633862323532636335
32386636653666386338343763313363383737396166653536383165646134336439303238643762
61636131373937303531636230333936333461336436393137666534363262643061383034626164
33663632386331373736646337353739613962646366363461633136373936343166373162616332
62363336653062633234663238363935386136306334306564313231356164396630336631613930
65653431643366376533356462323732333230396337326332346664303636376664386139653662
31373035373135336462636331306465383633366635393232383932333337373566336266623336
61616566353634313863643361336333383364353066313331616339633334663433346533306261
37353633396435613463376665363037643737356536353265303633656163306139663661346137
30656461663031343632396263393864303966303831653731333366643963393162353963646539
61326534643433386561366639306339323138356333363230613431653335666638336137643062
63666231376261333630373635623062616266306164623733306365336237616365643961316565
39353634613464663539323538626235643138343434653430353761616363643131303434306135
30623766366330306231383236323035393535643932643764613663346537613130613531666566
34343032663734613066356462323535323833633537363866653066313265636562333334383734
66636430363430653264653035313061636539333633616666666565633534613262323665343333
38613333393438633166396361646332626563633037303466613661323631383831663462343262
38663832336233386534313237633462623566623239333764663066663663383666623766393966
34316331353362646665626132366666396132346265636135633132383531616135366338346232
35376434356233633937643130363965666430363665663536656266653164616638613163333562
36666637633662613533663032343536353731303137343063646439663261666565653266613033
62383333346131613833613436366166353838303034656565636234663264623931623331356664
31663635336135613431623031656362353766303139386462633339626135633566376635373938
30346465343537633734373464313530393763666264656634616162343261663832346432373839
30376131353631623735303434663234653061623761616265636638323135363232333932333134
34313663643733386231313266376333313238636365346339626139323765646439323832633033
34343133613430336136323938616433396536396263303163323233343931613131336634373936
35646437623436326630323136613435666439313135643132393130663466613535313664633263
35393039653661396263633338666364663633666664333536333261323962376366356563333937
62303563333061653239396634386635316532316364633062656432333139633438376265343265
30306538633166623237653161626563376532353238303339626466323034653232666138326531
62623834313765646632646462643761643331663736333431643239626562653935393639326237
37363065326463653261356338353632613031313634623231383564356530613233316461313661
36353964376531363739646534383761663861653235353561613262363961623534333132663938
64623633313939633632346132383266623561303737366130346239363836333434363933396631
38613738343839646465343865393835303132386565643736306364306432303739336265316531
38356166663831386663393533636233643831393262373931633934366163383533373462333262
62346230363836303739663165346561376264323362303735323133393639646432643163616236
35643362366131626531376162306564316238313330636136646530303537333630326631663366
66393639363230653061663764376164336631633937316562616666666330323930376364333136
31356566623164623030386334633561613964323466376532613766396332613062656364636165
35623837636533303765663837653930343137393638343433373136366638633861623961373434
64613563636130363437343666316137313337383337323861303337626130303530663231333638
31636264626232346336306633333432326332363738613432333461313033336166613438383836
63303434373936316331613332356430623130366535373066626636623339623764616166313335
63643136316436643235663164383537303531396564373933393836316634626439643930343134
64376230323133656534303238323335633637353264333961396632306336316565303431663736
34633336313439366332343862633532323830383533643461323562643663666165613333326436
39303238623536643136363665663831306538366366363130666361306333383735353635386638
66373261336337336630346334343463623432666134623031386131346535666531376562626130
35623138653836616139346632346538656332663463633831623733306139333337326131313138
30323066666464616166383239306464336161386238326532306434666663383965313661386334
38633337323434353965303037613763656165663331373133343366386338333537363235343437
37663166353132303338333162363330343233343130333461373034303766366436633836373566
34656438366362376366323833626366346563623235663763653963333566363935643766323762
37653031653361383865643865623934336139346561383066396337343939366537333639323361
36343631356633323334303637333061336130373866313062383836386239336134396561623236
32306161633034653663383565336338343735303666356135663631613265656362646636353964
66303265653333653762633135323933303666376537303863626666623964623235363362343766
38633863373638316436336338633939333639353636376235613633313334353661646435336165
61373939646231383437633564616361373432303233326433613766653539613232636631316133
63613665326461666438376562373066356636363162363966396535323636376135356332303938
33353337656237643062666531616538376166376233666566393337623834656538663836326238
36346432643034393566653336653132393530313431383436306331613932653462653934306431
35353633396234396636383538646165393733633566613162653963643835386330333731656362
31666461313830626563653564653662346232333733383835393238346265326463633461383738
32313536646530316430653264376434643966623263663564613065386166333263396638616433
33306432396537366339373837613936333033653961623262303964376261393566663531653834
37613164393430643963623166303131366266393732383364373831323232343461373731643031
61306236306363386133663134373330383836363031373935643564613435356237636237323230
62653735343765383934653531633138666130613131363830626664623234623461653532383633
31646264303733316637336435653336333835646334313266613230373432643935656339303864
38323438613663343865376236303063356132626239356230326261303966653836303663306662
65356136306362393263613330643333626237653966626133663733313763613666373430346337
36306132393032626161363933663136393565636335316465633739386565653331626366386164
65303231343030323066663536383738633065323033303937313634623766346338313834383666
31663434636233613235613561633431633038353332373533323938333430303132343530653865
36363562626664646466326162356137366461343131646631613637366335663161346131626533
38346531353865633337326538333735313932616631363966623833613532336539396465366532
39613539643137363038323134363630363661343036323234666164646563373135646661343465
65626365396335306139626536633866616138316436393633343639353737666666316664333935
31386634656433653761653637323839636461323962306531636532363662353264656438363265
65366461653265613135373433323037346236393436336330393031393832383534376338366639
38313732656233386235393763633164393761396431313162636361613466343265323961663136
31373663323864393564376461393435323430343334626166383561376630366637636636386166
64373533643666343065623735326362383032656238346564343264386462353538303765616664
30376466333832653237623534633633366234366365346132343037313561346431663565303038
66383432393666616133613533626364353965613032386530316566373731353539366238336336
36363532376639643233643235633132396230383230643039343266633939306230363232633063
39616566336261633031393263653064393830613365353864663366316132653139346263653430
35666137643539366266326631333937633730613038373931353438383362623933366265353161
32656535626631353732666636396337313935663537303262643164393165626431373865373535
34653364623134343262656338643039323032613833646433323236363539373037663930623633
61636635663330333335363137363061386638363164306564646665346337383335353632626262
66613563373430356431326235626564333732636635666261316435306261616162356138666232
61373939386539383563393738313333636262313362646238373430613766336666393364383233
31353839373763613833353866353435356438333135363964343866336539616239663961303435
61653531353239633037636532626562353862643936366233616563626538323235326534653338
63363639663664626334623433613966636434393137343035306161623464656635363566396462
61646238633630656337333932326161376564363035616635356361616238643865346562306434
32373633623830393230356662316234346231393364366336303336616232363461323135356632
33303966303766373435653434353136616631383930333436616165666632626133316337373562
36636236303435313630303334376262326233366365313732303735646235323432303938666136
31346634613333343161393964363530346663313964333832383436623638623966303566343134
33343965366363643835656238333737363333656239646363323362356461643133363639323364
63313531626235373735323733333734663663623139636437643562373230643136323134363539
31393232316535636137346533636130646162626133643638663764323465356234636462383036
66643036356563653130643437653366656631613965313262366530333130316661666164343863
66656466353130643334363863396138313632353330303531666237636634366230326166333938
34303332376635613335303837623034396639376563393838386434376337633166363836376236
38636133383534613633313736383334343634616233326565346337306237656264346364376564
63386565646533363632636237656534373837643431633939323635626134626432383131666237
30303335653663636666656163323562653838663636316265353631613439626565346337323538
31613363313832623666326639323934353131356563396366653963346663653133333033386665
36393464336266656532626339353366633539646236643066353734353633333835346161363161
32656664373361343234356565396333323233383662383037323632353866386236633933633166
32646662333038363564363664313434326439353861396361313637643331363831396561666632
32346239383137363263626339613833366135396533313931613137323834363734306463373865
37643339656562356337316165383235386238646466616630346561656164316633393937363635
36333063356236353333326563383338373537373566333631643466316638363762353563336330
65336631656639393463643365643032393266653735353064633634363262633332373964366665
39633864363733313263
